epoch: 2 validationall: {'precision': array([0.18986719, 0.14186379, 0.11514555, 0.09722533, 0.08549837,
       0.05367795, 0.03306578, 0.02020749, 0.01719984, 0.0150032 ,
       0.01334347, 0.0120165 , 0.01091386, 0.00996691]), 'recall': array([0.18986719, 0.28372759, 0.34543666, 0.38890131, 0.42749184,
       0.5367795 , 0.66131557, 0.80829942, 0.85999195, 0.90019228,
       0.93404284, 0.96132004, 0.98224746, 0.99669096]), 'ndcg': array([0.18986719, 0.24908651, 0.27994104, 0.29866025, 0.3135891 ,
       0.34883217, 0.38023377, 0.41029406, 0.41963915, 0.42655032,
       0.4321445 , 0.43650676, 0.43976118, 0.44195439]), 'hit_ratio': array([0.18986719, 0.28372759, 0.34543666, 0.38890131, 0.42749184,
       0.5367795 , 0.66131557, 0.80829942, 0.85999195, 0.90019228,
       0.93404284, 0.96132004, 0.98224746, 0.99669096]), 'auc': 0.8066958815901016, 'mrr': 0.30737060389340043}
epoch: 2 testall: {'precision': array([0.16424451, 0.12800161, 0.10499486, 0.09035013, 0.07904127,
       0.05156732, 0.03251576, 0.02011582, 0.01710325, 0.01490483,
       0.01328917, 0.01197011, 0.01085722, 0.00993337]), 'recall': array([0.16424451, 0.25600322, 0.31498457, 0.36140053, 0.39520637,
       0.51567321, 0.65031525, 0.80463265, 0.85516255, 0.89428967,
       0.93024192, 0.95760855, 0.97714976, 0.99333721]), 'ndcg': array([0.16424451, 0.22213781, 0.25162849, 0.27161875, 0.28469663,
       0.32349092, 0.35750771, 0.38905428, 0.39819806, 0.404931  ,
       0.41087437, 0.41524984, 0.41828861, 0.42074367]), 'hit_ratio': array([0.16424451, 0.25600322, 0.31498457, 0.36140053, 0.39520637,
       0.51567321, 0.65031525, 0.80463265, 0.85516255, 0.89428967,
       0.93024192, 0.95760855, 0.97714976, 0.99333721]), 'auc': 0.7985914233331554, 'mrr': 0.2820270950044091}

epoch: 2 validationshort: {'precision': array([0.17509076, 0.13166713, 0.10541748, 0.08967467, 0.07950293,
       0.051494  , 0.03222564, 0.02012008, 0.01716839, 0.01498883,
       0.01337216, 0.01203574, 0.01093735, 0.00997487]), 'recall': array([0.17509076, 0.26333426, 0.31625244, 0.35869869, 0.39751466,
       0.51493996, 0.64451271, 0.80480313, 0.85841944, 0.8993298 ,
       0.93605138, 0.96285954, 0.98436191, 0.99748674]), 'ndcg': array([0.17509076, 0.23076621, 0.2572253 , 0.2755059 , 0.29052197,
       0.32837377, 0.36102018, 0.39378546, 0.40347019, 0.4105032 ,
       0.4165687 , 0.42085462, 0.42419869, 0.4261917 ]), 'hit_ratio': array([0.17509076, 0.26333426, 0.31625244, 0.35869869, 0.39751466,
       0.51493996, 0.64451271, 0.80480313, 0.85841944, 0.8993298 ,
       0.93605138, 0.96285954, 0.98436191, 0.99748674]), 'auc': 0.8003895559899264, 'mrr': 0.2885680708152533}
epoch: 2 testshort: {'precision': array([0.15819603, 0.12349902, 0.10192684, 0.08817369, 0.07726892,
       0.05128456, 0.03297263, 0.02048311, 0.01725775, 0.01506795,
       0.01339809, 0.01205494, 0.01092339, 0.00995253]), 'recall': array([0.15819603, 0.24699805, 0.30578051, 0.35269478, 0.3863446 ,
       0.51284557, 0.65945267, 0.81932421, 0.86288746, 0.90407707,
       0.93786652, 0.96439542, 0.98310528, 0.99525272]), 'ndcg': array([0.15819603, 0.21422387, 0.2436151 , 0.26381997, 0.2768375 ,
       0.31777595, 0.35481284, 0.38744781, 0.39532875, 0.40241325,
       0.40799657, 0.41223757, 0.41514989, 0.41699277]), 'hit_ratio': array([0.15819603, 0.24699805, 0.30578051, 0.35269478, 0.3863446 ,
       0.51284557, 0.65945267, 0.81932421, 0.86288746, 0.90407707,
       0.93786652, 0.96439542, 0.98310528, 0.99525272]), 'auc': 0.8052261938005876, 'mrr': 0.2762836567615142}

epoch: 2 validationshort7: {'precision': array([0.17743619, 0.1337877 , 0.10843001, 0.09187935, 0.08153132,
       0.05201856, 0.0325406 , 0.02013196, 0.01716473, 0.0149855 ,
       0.01334935, 0.01202581, 0.0109197 , 0.0099681 ]), 'recall': array([0.17743619, 0.26757541, 0.32529002, 0.3675174 , 0.40765661,
       0.52018561, 0.65081206, 0.80527842, 0.85823666, 0.89912993,
       0.93445476, 0.96206497, 0.98277262, 0.99680974]), 'ndcg': array([0.17743619, 0.23430771, 0.26316501, 0.28135136, 0.29687932,
       0.33313366, 0.36611501, 0.39767949, 0.4072521 , 0.41428388,
       0.4201221 , 0.42453771, 0.42775858, 0.42988988]), 'hit_ratio': array([0.17743619, 0.26757541, 0.32529002, 0.3675174 , 0.40765661,
       0.52018561, 0.65081206, 0.80527842, 0.85823666, 0.89912993,
       0.93445476, 0.96206497, 0.98277262, 0.99680974]), 'auc': 0.8020620649651474, 'mrr': 0.292907907255108}
epoch: 2 testshort7: {'precision': array([0.1575406 , 0.12285383, 0.10108275, 0.08732599, 0.07665893,
       0.05073666, 0.03232889, 0.02018561, 0.01716241, 0.01496133,
       0.01333941, 0.01200914, 0.01087329, 0.00993677]), 'recall': array([0.1575406 , 0.24570766, 0.30324826, 0.34930394, 0.38329466,
       0.50736659, 0.64657773, 0.80742459, 0.85812065, 0.89767981,
       0.9337587 , 0.96073086, 0.97859629, 0.99367749]), 'ndcg': array([0.1575406 , 0.21316782, 0.24193812, 0.26177323, 0.27492263,
       0.31491609, 0.35007144, 0.38298992, 0.39216782, 0.39897483,
       0.40493948, 0.40925337, 0.41203247, 0.41432027]), 'hit_ratio': array([0.1575406 , 0.24570766, 0.30324826, 0.34930394, 0.38329466,
       0.50736659, 0.64657773, 0.80742459, 0.85812065, 0.89767981,
       0.9337587 , 0.96073086, 0.97859629, 0.99367749]), 'auc': 0.798914733178609, 'mrr': 0.2740405383713077}

epoch: 2 validationshort37: {'precision': array([0.179103  , 0.1352947 , 0.11057088, 0.09344612, 0.08297281,
       0.05239135, 0.03276444, 0.0201404 , 0.01716214, 0.01498313,
       0.01333314, 0.01201875, 0.01090715, 0.00996329]), 'recall': array([0.179103  , 0.2705894 , 0.33171264, 0.37378448, 0.41486406,
       0.52391347, 0.65528875, 0.80561619, 0.85810677, 0.89898789,
       0.9333201 , 0.9615003 , 0.98164318, 0.99632864]), 'ndcg': array([0.179103  , 0.23682449, 0.26738611, 0.28550547, 0.30139722,
       0.33651631, 0.36973568, 0.40044681, 0.40993973, 0.41697064,
       0.42264734, 0.42715512, 0.43028844, 0.43251801]), 'hit_ratio': array([0.179103  , 0.2705894 , 0.33171264, 0.37378448, 0.41486406,
       0.52391347, 0.65528875, 0.80561619, 0.85810677, 0.89898789,
       0.9333201 , 0.9615003 , 0.98164318, 0.99632864]), 'auc': 0.8032506449692085, 'mrr': 0.2959920418633859}
epoch: 2 testshort37: {'precision': array([0.15707482, 0.12239532, 0.1004829 , 0.08672356, 0.07622544,
       0.05034729, 0.0318714 , 0.0199742 , 0.01709466, 0.01488556,
       0.01329771, 0.01197658, 0.01083769, 0.00992558]), 'recall': array([0.15707482, 0.24479063, 0.3014487 , 0.34689423, 0.38112721,
       0.50347291, 0.63742806, 0.79896805, 0.85473308, 0.89313356,
       0.93083945, 0.95812661, 0.97539194, 0.99255805]), 'ndcg': array([0.15707482, 0.21241734, 0.24074637, 0.26031869, 0.27356182,
       0.31288371, 0.34670194, 0.3798219 , 0.38992148, 0.39653129,
       0.40276695, 0.40713262, 0.40981706, 0.41242104]), 'hit_ratio': array([0.15707482, 0.24479063, 0.3014487 , 0.34689423, 0.38112721,
       0.50347291, 0.63742806, 0.79896805, 0.85473308, 0.89313356,
       0.93083945, 0.95812661, 0.97539194, 0.99255805]), 'auc': 0.7944294502877273, 'mrr': 0.27244645086280356}

epoch: 2 validationmedium3: {'precision': array([0.18939501, 0.14134114, 0.11575706, 0.09764138, 0.08601044,
       0.05380059, 0.03318996, 0.020214  , 0.01720068, 0.01501551,
       0.01333884, 0.01201964, 0.01091133, 0.00996545]), 'recall': array([0.18939501, 0.28268227, 0.34727119, 0.39056551, 0.43005218,
       0.53800592, 0.66379918, 0.80856015, 0.86003385, 0.90093076,
       0.9337188 , 0.96157101, 0.98201946, 0.99654492]), 'ndcg': array([0.18939501, 0.24825272, 0.28054718, 0.29919302, 0.31446855,
       0.34925919, 0.38099065, 0.41059326, 0.41990243, 0.42693437,
       0.43235429, 0.43680862, 0.43998879, 0.44219408]), 'hit_ratio': array([0.18939501, 0.28268227, 0.34727119, 0.39056551, 0.43005218,
       0.53800592, 0.66379918, 0.80856015, 0.86003385, 0.90093076,
       0.9337188 , 0.96157101, 0.98201946, 0.99654492]), 'auc': 0.8073854181356219, 'mrr': 0.30752457889448576}
epoch: 2 testmedium3: {'precision': array([0.16323509, 0.12713299, 0.10393456, 0.0893386 , 0.07816951,
       0.05109999, 0.03213228, 0.01993019, 0.01704696, 0.01485334,
       0.01326228, 0.01195265, 0.01084317, 0.00993019]), 'recall': array([0.16323509, 0.25426597, 0.31180369, 0.35735439, 0.39084755,
       0.51099986, 0.64264561, 0.79720773, 0.85234805, 0.89120011,
       0.92835989, 0.9562121 , 0.97588492, 0.99301932]), 'ndcg': array([0.16323509, 0.22066918, 0.24943804, 0.26905566, 0.28201258,
       0.32058382, 0.35384217, 0.38547056, 0.39545079, 0.40213884,
       0.40828291, 0.41273652, 0.41579452, 0.41839377]), 'hit_ratio': array([0.16323509, 0.25426597, 0.31180369, 0.35735439, 0.39084755,
       0.51099986, 0.64264561, 0.79720773, 0.85234805, 0.89120011,
       0.92835989, 0.9562121 , 0.97588492, 0.99301932]), 'auc': 0.7948251304470053, 'mrr': 0.27969005411480075}

epoch: 2 validationmedium7: {'precision': array([0.21466862, 0.15618908, 0.12849253, 0.10794347, 0.09346979,
       0.05726121, 0.03423489, 0.02039474, 0.01729532, 0.01509503,
       0.01335283, 0.01202181, 0.01092159, 0.00997076]), 'recall': array([0.21466862, 0.31237817, 0.38547758, 0.43177388, 0.46734893,
       0.57261209, 0.68469786, 0.81578947, 0.86476608, 0.90570175,
       0.93469786, 0.96174464, 0.98294347, 0.99707602]), 'ndcg': array([0.21466862, 0.27631648, 0.31286619, 0.33280492, 0.34656722,
       0.38055127, 0.40862893, 0.4355094 , 0.44436734, 0.45140182,
       0.45619117, 0.46051426, 0.46380949, 0.46595514]), 'hit_ratio': array([0.21466862, 0.31237817, 0.38547758, 0.43177388, 0.46734893,
       0.57261209, 0.68469786, 0.81578947, 0.86476608, 0.90570175,
       0.93469786, 0.96174464, 0.98294347, 0.99707602]), 'auc': 0.8175389863547631, 'mrr': 0.33584448829979696}
epoch: 2 testmedium7: {'precision': array([0.17836257, 0.13876706, 0.11241066, 0.09576023, 0.08294347,
       0.05294834, 0.0327729 , 0.01982212, 0.01692982, 0.0147742 ,
       0.0131753 , 0.01189388, 0.01085662, 0.00994152]), 'recall': array([0.17836257, 0.27753411, 0.33723197, 0.38304094, 0.41471735,
       0.52948343, 0.65545809, 0.79288499, 0.84649123, 0.88645224,
       0.92227096, 0.95151072, 0.97709552, 0.99415205]), 'ndcg': array([0.17836257, 0.24093285, 0.27078178, 0.29051062, 0.30276473,
       0.33949263, 0.37137611, 0.3993417 , 0.40902886, 0.41590904,
       0.42182821, 0.42649773, 0.43047306, 0.43306073]), 'hit_ratio': array([0.17836257, 0.27753411, 0.33723197, 0.38304094, 0.41471735,
       0.52948343, 0.65545809, 0.79288499, 0.84649123, 0.88645224,
       0.92227096, 0.95151072, 0.97709552, 0.99415205]), 'auc': 0.7957967836257168, 'mrr': 0.29747783032668923}

epoch: 2 validationlong: {'precision': array([0.30029441, 0.22080471, 0.17500818, 0.14450442, 0.1205103 ,
       0.0673209 , 0.03724239, 0.02073111, 0.01740922, 0.01493294,
       0.01320622, 0.01183759, 0.01078399, 0.00993131]), 'recall': array([0.30029441, 0.44160942, 0.52502453, 0.57801766, 0.60255152,
       0.67320903, 0.74484789, 0.82924436, 0.87046124, 0.89597645,
       0.92443572, 0.94700687, 0.97055937, 0.99313052]), 'ndcg': array([0.30029441, 0.38945425, 0.43116181, 0.45398471, 0.4634757 ,
       0.48668022, 0.50474183, 0.52216006, 0.5296178 , 0.53399183,
       0.53869862, 0.54231611, 0.54597369, 0.54940586]), 'hit_ratio': array([0.30029441, 0.44160942, 0.52502453, 0.57801766, 0.60255152,
       0.67320903, 0.74484789, 0.82924436, 0.87046124, 0.89597645,
       0.92443572, 0.94700687, 0.97055937, 0.99313052]), 'auc': 0.8414229636898957, 'mrr': 0.4373804846004049}
epoch: 2 testlong: {'precision': array([0.22080471, 0.171737  , 0.14131501, 0.11972522, 0.10363101,
       0.06005888, 0.03464181, 0.02011776, 0.01680079, 0.01447498,
       0.0128978 , 0.01161678, 0.01058772, 0.00984298]), 'recall': array([0.22080471, 0.34347399, 0.42394504, 0.47890088, 0.51815505,
       0.60058881, 0.69283611, 0.8047105 , 0.84003925, 0.86849853,
       0.90284593, 0.92934249, 0.952895  , 0.98429833]), 'ndcg': array([0.22080471, 0.29820041, 0.33843594, 0.36210413, 0.37728971,
       0.40411799, 0.42746382, 0.4502219 , 0.45660016, 0.46148704,
       0.46716778, 0.4714008 , 0.47506083, 0.47981157]), 'hit_ratio': array([0.22080471, 0.34347399, 0.42394504, 0.47890088, 0.51815505,
       0.60058881, 0.69283611, 0.8047105 , 0.84003925, 0.86849853,
       0.90284593, 0.92934249, 0.952895  , 0.98429833]), 'auc': 0.8043768400392576, 'mrr': 0.3549205381762519}