epoch: 200 validationall: {'precision': array([0.21061575, 0.15418325, 0.12253872, 0.10221124, 0.08865537,
       0.05467066, 0.03289809, 0.01952108, 0.01648079, 0.01435258,
       0.01277876, 0.01159449, 0.01064556, 0.00994947]), 'recall': array([0.21061575, 0.3083665 , 0.36761615, 0.40884497, 0.44327684,
       0.54670661, 0.65796181, 0.78084336, 0.82403971, 0.86115459,
       0.89451326, 0.92755891, 0.95810043, 0.99494701]), 'ndcg': array([0.21061575, 0.27228961, 0.30191443, 0.31967072, 0.33299078,
       0.36638659, 0.39449283, 0.41960325, 0.42740298, 0.43378737,
       0.43930155, 0.44458395, 0.44932928, 0.45491741]), 'hit_ratio': array([0.21061575, 0.3083665 , 0.36761615, 0.40884497, 0.44327684,
       0.54670661, 0.65796181, 0.78084336, 0.82403971, 0.86115459,
       0.89451326, 0.92755891, 0.95810043, 0.99494701]), 'auc': 0.7862621294101565, 'mrr': 0.3255710725224684}

epoch: 200 testall: {'precision': array([0.19782677, 0.14816885, 0.11866327, 0.09986361, 0.08678621,
       0.05437553, 0.03280419, 0.01925949, 0.01626884, 0.01415359,
       0.0126165 , 0.01143798, 0.01051588, 0.00989715]), 'recall': array([0.19782677, 0.2963377 , 0.3559898 , 0.39945446, 0.43393105,
       0.54375531, 0.65608371, 0.77037964, 0.81344185, 0.84921522,
       0.88315521, 0.91503823, 0.94642937, 0.98971515]), 'ndcg': array([0.19782677, 0.25998025, 0.2898063 , 0.3085255 , 0.32186287,
       0.35736104, 0.38578359, 0.40916702, 0.41694967, 0.42310283,
       0.42871018, 0.43380593, 0.43868445, 0.44524325]), 'hit_ratio': array([0.19782677, 0.2963377 , 0.3559898 , 0.39945446, 0.43393105,
       0.54375531, 0.65608371, 0.77037964, 0.81344185, 0.84921522,
       0.88315521, 0.91503823, 0.94642937, 0.98971515]), 'auc': 0.7773460626928028, 'mrr': 0.31467298224089435}

epoch: 200 validationshort: {'precision': array([0.1829098 , 0.13292376, 0.10886158, 0.09257191, 0.08129014,
       0.05206646, 0.0317928 , 0.01911128, 0.01619101, 0.01416038,
       0.0126481 , 0.01148422, 0.01057122, 0.00995392]), 'recall': array([0.1829098 , 0.26584753, 0.32658475, 0.37028763, 0.40645071,
       0.52066462, 0.63585591, 0.76445127, 0.8095504 , 0.84962301,
       0.88536722, 0.91873778, 0.95141022, 0.99539235]), 'ndcg': array([0.1829098 , 0.23523768, 0.26560629, 0.2844281 , 0.29841789,
       0.33541988, 0.36457389, 0.39089761, 0.39903606, 0.4059255 ,
       0.41183364, 0.41717083, 0.4222483 , 0.42891785]), 'hit_ratio': array([0.1829098 , 0.26584753, 0.32658475, 0.37028763, 0.40645071,
       0.52066462, 0.63585591, 0.76445127, 0.8095504 , 0.84962301,
       0.88536722, 0.91873778, 0.95141022, 0.99539235]), 'auc': 0.7713320301591561, 'mrr': 0.2942490662363716}

epoch: 200 testshort: {'precision': array([0.17634739, 0.13404077, 0.10900121, 0.09365401, 0.08209997,
       0.05307177, 0.03259564, 0.01919157, 0.01621335, 0.01414875,
       0.01259425, 0.01142139, 0.01052468, 0.00991343]), 'recall': array([0.17634739, 0.26808154, 0.32700363, 0.37461603, 0.41049986,
       0.53071768, 0.65191287, 0.76766266, 0.81066741, 0.84892488,
       0.88159732, 0.91371125, 0.94722145, 0.9913432 ]), 'ndcg': array([0.17634739, 0.2342252 , 0.26368624, 0.28419178, 0.29807354,
       0.33680004, 0.36744827, 0.3911387 , 0.39891367, 0.40549299,
       0.41089414, 0.41602645, 0.42123169, 0.42791564]), 'hit_ratio': array([0.17634739, 0.26808154, 0.32700363, 0.37461603, 0.41049986,
       0.53071768, 0.65191287, 0.76766266, 0.81066741, 0.84892488,
       0.88159732, 0.91371125, 0.94722145, 0.9913432 ]), 'auc': 0.7731750907567525, 'mrr': 0.2928387720075146}

epoch: 200 validationshort7: {'precision': array([0.19153132, 0.14089327, 0.1136891 , 0.09589617, 0.08395592,
       0.05280162, 0.03220998, 0.01927059, 0.01632599, 0.01424691,
       0.0127113 , 0.01154002, 0.0106142 , 0.00995186]), 'recall': array([0.19153132, 0.28178654, 0.34106729, 0.38358469, 0.41977958,
       0.52801624, 0.64419954, 0.77082367, 0.8162993 , 0.85481439,
       0.88979118, 0.92320186, 0.95527842, 0.99518561]), 'ndcg': array([0.19153132, 0.24847603, 0.2781164 , 0.29642765, 0.31042974,
       0.34536995, 0.37472695, 0.40063118, 0.40884024, 0.41546494,
       0.42124851, 0.42658912, 0.43157421, 0.43762657]), 'hit_ratio': array([0.19153132, 0.28178654, 0.34106729, 0.38358469, 0.41977958,
       0.52801624, 0.64419954, 0.77082367, 0.8162993 , 0.85481439,
       0.88979118, 0.92320186, 0.95527842, 0.99518561]), 'auc': 0.7772737819025116, 'mrr': 0.3047034806079505}

epoch: 200 testshort7: {'precision': array([0.18335267, 0.13808005, 0.1116976 , 0.0950406 , 0.08316705,
       0.05300464, 0.03234049, 0.01912268, 0.01617517, 0.01408063,
       0.01255552, 0.01139719, 0.01049626, 0.00990139]), 'recall': array([0.18335267, 0.27616009, 0.33509281, 0.38016241, 0.41583527,
       0.5300464 , 0.64680974, 0.76490719, 0.8087587 , 0.84483759,
       0.87888631, 0.91177494, 0.94466357, 0.99013921]), 'ndcg': array([0.18335267, 0.24190763, 0.27137399, 0.29078441, 0.30458456,
       0.34149007, 0.37105197, 0.39522641, 0.40315258, 0.40935738,
       0.41498218, 0.42023799, 0.42534944, 0.43223953]), 'hit_ratio': array([0.18335267, 0.27616009, 0.33509281, 0.38016241, 0.41583527,
       0.5300464 , 0.64680974, 0.76490719, 0.8087587 , 0.84483759,
       0.87888631, 0.91177494, 0.94466357, 0.99013921]), 'auc': 0.7711276102087732, 'mrr': 0.2988598037992583}

epoch: 200 validationshort37: {'precision': array([0.19765827, 0.14655686, 0.1171198 , 0.09825858, 0.08585037,
       0.05332407, 0.03250645, 0.01938381, 0.01642191, 0.01430839,
       0.01275622, 0.01157968, 0.01064475, 0.00995039]), 'recall': array([0.19765827, 0.29311371, 0.3513594 , 0.39303433, 0.42925184,
       0.53324072, 0.65012899, 0.77535225, 0.82109546, 0.85850367,
       0.89293511, 0.92637428, 0.95802739, 0.9950387 ]), 'ndcg': array([0.19765827, 0.25788395, 0.28700679, 0.30495521, 0.31896605,
       0.35244103, 0.3819423 , 0.4075484 , 0.41580765, 0.42224422,
       0.42793925, 0.4332823 , 0.43820172, 0.44381549]), 'hit_ratio': array([0.19765827, 0.29311371, 0.3513594 , 0.39303433, 0.42925184,
       0.53324072, 0.65012899, 0.77535225, 0.82109546, 0.85850367,
       0.89293511, 0.92637428, 0.95802739, 0.9950387 ]), 'auc': 0.7814963286366057, 'mrr': 0.31213298206947676}

epoch: 200 testshort37: {'precision': array([0.18833102, 0.14095059, 0.11361381, 0.096026  , 0.08392538,
       0.05295694, 0.03215916, 0.01907372, 0.01614805, 0.01403222,
       0.012528  , 0.01137999, 0.01047606, 0.00989284]), 'recall': array([0.18833102, 0.28190117, 0.34084144, 0.38410399, 0.41962691,
       0.52956936, 0.64318317, 0.762949  , 0.80740226, 0.84193292,
       0.87695971, 0.91039889, 0.9428458 , 0.98928359]), 'ndcg': array([0.18833102, 0.24736721, 0.27683734, 0.29546951, 0.30921165,
       0.34482307, 0.37361296, 0.39813136, 0.40616498, 0.41210364,
       0.41788738, 0.42323095, 0.42827574, 0.43531233]), 'hit_ratio': array([0.18833102, 0.28190117, 0.34084144, 0.38410399, 0.41962691,
       0.52956936, 0.64318317, 0.762949  , 0.80740226, 0.84193292,
       0.87695971, 0.91039889, 0.9428458 , 0.98928359]), 'auc': 0.7696725540781648, 'mrr': 0.303138691444869}

epoch: 200 validationmedium3: {'precision': array([0.21167677, 0.15671273, 0.12388944, 0.10308842, 0.08925398,
       0.0547525 , 0.03301368, 0.01958292, 0.01654492, 0.01440206,
       0.01281202, 0.01162742, 0.01067159, 0.00994782]), 'recall': array([0.21167677, 0.31342547, 0.37166831, 0.41235369, 0.44626992,
       0.54752503, 0.66027359, 0.78331688, 0.8272458 , 0.86412354,
       0.89684107, 0.9301932 , 0.96044281, 0.99478212]), 'ndcg': array([0.21167677, 0.27587305, 0.30499447, 0.32251671, 0.3356373 ,
       0.36827104, 0.39672863, 0.42186022, 0.429793  , 0.43613847,
       0.44154733, 0.44687678, 0.45157619, 0.45678475]), 'hit_ratio': array([0.21167677, 0.31342547, 0.37166831, 0.41235369, 0.44626992,
       0.54752503, 0.66027359, 0.78331688, 0.8272458 , 0.86412354,
       0.89684107, 0.9301932 , 0.96044281, 0.99478212]), 'auc': 0.7884825835565785, 'mrr': 0.3277677402455361}

epoch: 200 testmedium3: {'precision': array([0.19983077, 0.15004936, 0.11970573, 0.10009167, 0.08691299,
       0.05411084, 0.03257651, 0.01920216, 0.01624595, 0.01412471,
       0.01260955, 0.01144232, 0.01051333, 0.00989776]), 'recall': array([0.19983077, 0.30009872, 0.35911719, 0.40036666, 0.43456494,
       0.54110845, 0.65153011, 0.76808631, 0.81229728, 0.84748272,
       0.88266817, 0.9153857 , 0.94619941, 0.98977577]), 'ndcg': array([0.19983077, 0.2630928 , 0.29260204, 0.31036722, 0.32359692,
       0.35810381, 0.38604943, 0.40989383, 0.41788394, 0.42393582,
       0.42974707, 0.43497679, 0.43976646, 0.44636985]), 'hit_ratio': array([0.19983077, 0.30009872, 0.35911719, 0.40036666, 0.43456494,
       0.54110845, 0.65153011, 0.76808631, 0.81229728, 0.84748272,
       0.88266817, 0.9153857 , 0.94619941, 0.98977577]), 'auc': 0.775966718375368, 'mrr': 0.316358077055007}

epoch: 200 validationmedium7: {'precision': array([0.24610136, 0.18165205, 0.14051332, 0.11494883, 0.09761209,
       0.05826023, 0.03425926, 0.02007188, 0.01684698, 0.01463207,
       0.01294904, 0.01174464, 0.01073749, 0.00994152]), 'recall': array([0.24610136, 0.36330409, 0.42153996, 0.45979532, 0.48806043,
       0.58260234, 0.68518519, 0.80287524, 0.84234893, 0.87792398,
       0.90643275, 0.93957115, 0.96637427, 0.99415205]), 'ndcg': array([0.24610136, 0.32004805, 0.34916599, 0.36564167, 0.37657611,
       0.40714406, 0.43303874, 0.45700509, 0.46413618, 0.47025794,
       0.47496405, 0.48026012, 0.48441923, 0.48863274]), 'hit_ratio': array([0.24610136, 0.36330409, 0.42153996, 0.45979532, 0.48806043,
       0.58260234, 0.68518519, 0.80287524, 0.84234893, 0.87792398,
       0.90643275, 0.93957115, 0.96637427, 0.99415205]), 'auc': 0.8056384015594428, 'mrr': 0.36616128140009885}

epoch: 200 testmedium7: {'precision': array([0.22807018, 0.17239279, 0.13466537, 0.11007554, 0.09424951,
       0.05694444, 0.03360136, 0.01951754, 0.01648635, 0.01435185,
       0.0128098 , 0.01159539, 0.01060483, 0.00990984]), 'recall': array([0.22807018, 0.34478558, 0.4039961 , 0.44030214, 0.47124756,
       0.56944444, 0.67202729, 0.78070175, 0.82431774, 0.86111111,
       0.89668616, 0.92763158, 0.9544347 , 0.99098441]), 'ndcg': array([0.22807018, 0.30170939, 0.33131466, 0.34695082, 0.35892214,
       0.39071667, 0.41658908, 0.43877839, 0.44666162, 0.45299157,
       0.45887035, 0.4638205 , 0.46798367, 0.47352328]), 'hit_ratio': array([0.22807018, 0.34478558, 0.4039961 , 0.44030214, 0.47124756,
       0.56944444, 0.67202729, 0.78070175, 0.82431774, 0.86111111,
       0.89668616, 0.92763158, 0.9544347 , 0.99098441]), 'auc': 0.7914230019493048, 'mrr': 0.34882030127015234}

epoch: 200 validationlong: {'precision': array([0.390579  , 0.26840039, 0.19986915, 0.1577527 , 0.13209028,
       0.07183513, 0.0390579 , 0.02154073, 0.01762512, 0.01501472,
       0.01323426, 0.01191119, 0.0108058 , 0.00994112]), 'recall': array([0.390579  , 0.53680079, 0.59960746, 0.63101079, 0.66045142,
       0.71835132, 0.781158  , 0.86162905, 0.88125613, 0.90088322,
       0.92639843, 0.952895  , 0.97252208, 0.99411187]), 'ndcg': array([0.390579  , 0.48283467, 0.51423801, 0.52776269, 0.53915188,
       0.55780777, 0.57365987, 0.5899481 , 0.59351546, 0.59689176,
       0.60110283, 0.60534539, 0.60839533, 0.6116655 ]), 'hit_ratio': array([0.390579  , 0.53680079, 0.59960746, 0.63101079, 0.66045142,
       0.71835132, 0.781158  , 0.86162905, 0.88125613, 0.90088322,
       0.92639843, 0.952895  , 0.97252208, 0.99411187]), 'auc': 0.8602944062806691, 'mrr': 0.5151442495319092}

epoch: 200 testlong: {'precision': array([0.32090285, 0.22129539, 0.17206412, 0.14033366, 0.11795878,
       0.06722277, 0.03743867, 0.02053484, 0.01697743, 0.01458947,
       0.01286976, 0.01149411, 0.01048959, 0.00977429]), 'recall': array([0.32090285, 0.44259078, 0.51619235, 0.56133464, 0.58979392,
       0.67222767, 0.74877331, 0.82139352, 0.84887144, 0.87536801,
       0.90088322, 0.91952895, 0.94406281, 0.97742885]), 'ndcg': array([0.32090285, 0.39767938, 0.43448017, 0.4539219 , 0.46493145,
       0.49153564, 0.5109527 , 0.52576282, 0.53071225, 0.53527963,
       0.5394985 , 0.54247271, 0.54629154, 0.55135015]), 'hit_ratio': array([0.32090285, 0.44259078, 0.51619235, 0.56133464, 0.58979392,
       0.67222767, 0.74877331, 0.82139352, 0.84887144, 0.87536801,
       0.90088322, 0.91952895, 0.94406281, 0.97742885]), 'auc': 0.8258586849852821, 'mrr': 0.4446814209434438}