epoch: 200 validationall: {'precision': array([0.25832042, 0.18763108, 0.14794383, 0.12234431, 0.10465943,
       0.06299809, 0.03662579, 0.02085005, 0.01731741, 0.01493952,
       0.01318436, 0.01184747, 0.01079704, 0.00995259]), 'recall': array([0.25832042, 0.37526215, 0.44383149, 0.48937722, 0.52329716,
       0.62998085, 0.73251573, 0.83400201, 0.86587034, 0.89637093,
       0.92290508, 0.94779794, 0.97173338, 0.9952585 ]), 'ndcg': array([0.25832042, 0.33210244, 0.36638711, 0.38600259, 0.39912461,
       0.43361767, 0.45959723, 0.4803923 , 0.486158  , 0.49140695,
       0.49579061, 0.49977079, 0.50349003, 0.50705574]), 'hit_ratio': array([0.25832042, 0.37526215, 0.44383149, 0.48937722, 0.52329716,
       0.62998085, 0.73251573, 0.83400201, 0.86587034, 0.89637093,
       0.92290508, 0.94779794, 0.97173338, 0.9952585 ]), 'auc': 0.8310043767666316, 'mrr': 0.38537816388180696}
       
epoch: 200 testall: {'precision': array([0.22658886, 0.16606638, 0.13201726, 0.11107185, 0.09565971,
       0.05875353, 0.03444424, 0.01991657, 0.01670922, 0.01443573,
       0.01279879, 0.01154372, 0.01060099, 0.00989605]), 'recall': array([0.22658886, 0.33213276, 0.39605179, 0.44428741, 0.47829853,
       0.58753533, 0.68888484, 0.79666272, 0.83546093, 0.86614389,
       0.89591502, 0.92349777, 0.95408954, 0.98960518]), 'ndcg': array([0.22658886, 0.29317965, 0.32513916, 0.34591311, 0.35907041,
       0.39433248, 0.41994542, 0.44202482, 0.44903841, 0.45431509,
       0.45923273, 0.46364154, 0.46839622, 0.47377746]), 'hit_ratio': array([0.22658886, 0.33213276, 0.39605179, 0.44428741, 0.47829853,
       0.58753533, 0.68888484, 0.79666272, 0.83546093, 0.86614389,
       0.89591502, 0.92349777, 0.95408954, 0.98960518]), 'auc': 0.7990416704659068, 'mrr': 0.3479540202465075}

epoch: 200 validationshort: {'precision': array([0.22233875, 0.16470897, 0.13179514, 0.11111694, 0.096172  ,
       0.05919245, 0.03508128, 0.02037756, 0.01699004, 0.01472645,
       0.01303768, 0.01176848, 0.01077084, 0.0099549 ]), 'recall': array([0.22233875, 0.32941793, 0.39538542, 0.44446775, 0.48085999,
       0.59192449, 0.70162559, 0.81510225, 0.84950184, 0.88358679,
       0.91263765, 0.94147876, 0.96937598, 0.9954903 ]), 'ndcg': array([0.22233875, 0.28989819, 0.32288194, 0.34402055, 0.35809899,
       0.39398168, 0.42180939, 0.44511426, 0.45133319, 0.45719973,
       0.46199993, 0.46661121, 0.47094764, 0.47490766]), 'hit_ratio': array([0.22233875, 0.32941793, 0.39538542, 0.44446775, 0.48085999,
       0.59192449, 0.70162559, 0.81510225, 0.84950184, 0.88358679,
       0.91263765, 0.94147876, 0.96937598, 0.9954903 ]), 'auc': 0.8134294703722836, 'mrr': 0.34679713856077576}

epoch: 200 testshort: {'precision': array([0.20262192, 0.14997378, 0.12109771, 0.10296277, 0.08941793,
       0.05618249, 0.0334452 , 0.01957263, 0.01649921, 0.01431218,
       0.01273803, 0.01150236, 0.01059022, 0.00990771]), 'recall': array([0.20262192, 0.29994756, 0.36329313, 0.41185107, 0.44708967,
       0.56182486, 0.66890404, 0.78290509, 0.82496067, 0.85873099,
       0.8916623 , 0.92018878, 0.95312008, 0.99077084]), 'ndcg': array([0.20262192, 0.26402756, 0.29570035, 0.31661312, 0.33024526,
       0.36727307, 0.3942849 , 0.4176595 , 0.42525829, 0.43106824,
       0.43650573, 0.4410695 , 0.44618682, 0.45189177]), 'hit_ratio': array([0.20262192, 0.29994756, 0.36329313, 0.41185107, 0.44708967,
       0.56182486, 0.66890404, 0.78290509, 0.82496067, 0.85873099,
       0.8916623 , 0.92018878, 0.95312008, 0.99077084]), 'auc': 0.7875070791819359, 'mrr': 0.3215493190791248}

epoch: 200 validationshort7: {'precision': array([0.23959391, 0.17633954, 0.14019553, 0.11693457, 0.10073322,
       0.0614608 , 0.03609419, 0.02068246, 0.01721602, 0.01487028,
       0.01314801, 0.01182953, 0.01079338, 0.00995431]), 'recall': array([0.23959391, 0.35267908, 0.42058658, 0.4677383 , 0.5036661 ,
       0.61460801, 0.72188381, 0.82729836, 0.8608009 , 0.89221658,
       0.92036097, 0.9463621 , 0.9714044 , 0.99543147]), 'ndcg': array([0.23959391, 0.3109427 , 0.34489646, 0.3652036 , 0.37910237,
       0.41499776, 0.44219357, 0.46380833, 0.46986787, 0.47527419,
       0.47992418, 0.48408199, 0.4879734 , 0.49161623]), 'hit_ratio': array([0.23959391, 0.35267908, 0.42058658, 0.4677383 , 0.5036661 ,
       0.61460801, 0.72188381, 0.82729836, 0.8608009 , 0.89221658,
       0.92036097, 0.9463621 , 0.9714044 , 0.99543147]), 'auc': 0.8246971235194007, 'mrr': 0.36649784585858425}

epoch: 200 testshort7: {'precision': array([0.21223914, 0.15671179, 0.12573792, 0.10630288, 0.09206994,
       0.05739425, 0.03398477, 0.01979554, 0.01664185, 0.01438804,
       0.01277173, 0.0115313 , 0.01059974, 0.00990637]), 'recall': array([0.21223914, 0.31342358, 0.37721376, 0.42521151, 0.46034969,
       0.57394247, 0.67969543, 0.79182177, 0.8320925 , 0.86328257,
       0.89402143, 0.92250423, 0.95397631, 0.99063734]), 'ndcg': array([0.21223914, 0.27607941, 0.30797451, 0.32864601, 0.34223931,
       0.37887   , 0.40558396, 0.42855   , 0.4358292 , 0.44119453,
       0.44627262, 0.45082566, 0.45571733, 0.4612719 ]), 'hit_ratio': array([0.21223914, 0.31342358, 0.37721376, 0.42521151, 0.46034969,
       0.57394247, 0.67969543, 0.79182177, 0.8320925 , 0.86328257,
       0.89402143, 0.92250423, 0.95397631, 0.99063734]), 'auc': 0.7938589960518442, 'mrr': 0.33261784636790637}

epoch: 200 validationshort37: {'precision': array([0.25967053, 0.18987187, 0.14996949, 0.12370348, 0.10604027,
       0.06410006, 0.03727273, 0.02103722, 0.01747895, 0.01503762,
       0.01327639, 0.01190055, 0.01081961, 0.00995363]), 'recall': array([0.25967053, 0.37974375, 0.44990848, 0.49481391, 0.53020134,
       0.64100061, 0.74545455, 0.84148871, 0.87394753, 0.90225747,
       0.92934716, 0.95204393, 0.97376449, 0.99536303]), 'ndcg': array([0.25967053, 0.33542829, 0.37051066, 0.38985038, 0.40354011,
       0.43945027, 0.46591085, 0.48555915, 0.49143324, 0.49630408,
       0.50077929, 0.50440951, 0.50778312, 0.51105689]), 'hit_ratio': array([0.25967053, 0.37974375, 0.44990848, 0.49481391, 0.53020134,
       0.64100061, 0.74545455, 0.84148871, 0.87394753, 0.90225747,
       0.92934716, 0.95204393, 0.97376449, 0.99536303]), 'auc': 0.8378071995118647, 'mrr': 0.38941990126855514}

epoch: 200 testshort37: {'precision': array([0.22342892, 0.16455156, 0.13113687, 0.11018914, 0.09515558,
       0.05880415, 0.03461257, 0.02005491, 0.01680781, 0.01447631,
       0.01281095, 0.01156498, 0.01061081, 0.00990482]), 'recall': array([0.22342892, 0.32910311, 0.39341062, 0.44075656, 0.47577791,
       0.58804149, 0.69225137, 0.80219646, 0.84039048, 0.8685784 ,
       0.89676632, 0.92519829, 0.95497254, 0.990482  ]), 'ndcg': array([0.22342892, 0.29010191, 0.32225566, 0.34264645, 0.35619456,
       0.39236318, 0.41873057, 0.44122124, 0.44812862, 0.45297662,
       0.45763654, 0.4621771 , 0.46680621, 0.47218582]), 'hit_ratio': array([0.22342892, 0.32910311, 0.39341062, 0.44075656, 0.47577791,
       0.58804149, 0.69225137, 0.80219646, 0.84039048, 0.8685784 ,
       0.89676632, 0.92519829, 0.95497254, 0.990482  ]), 'auc': 0.8012495424038795, 'mrr': 0.34549623656907974}

epoch: 200 validationmedium3: {'precision': array([0.27617235, 0.19947223, 0.15660149, 0.12828777, 0.10929227,
       0.06530542, 0.03765357, 0.02119095, 0.01755321, 0.015092  ,
       0.01329938, 0.01191058, 0.01081598, 0.00995155]), 'recall': array([0.27617235, 0.39894445, 0.46980446, 0.51315106, 0.54646133,
       0.65305416, 0.75307147, 0.847638  , 0.87766049, 0.90551999,
       0.93095691, 0.95284651, 0.97343831, 0.99515487]), 'ndcg': array([0.27617235, 0.35363292, 0.38906293, 0.40773129, 0.42061746,
       0.455117  , 0.48041144, 0.49974824, 0.50518644, 0.50997989,
       0.51418175, 0.51768143, 0.52088049, 0.5241706 ]), 'hit_ratio': array([0.27617235, 0.39894445, 0.46980446, 0.51315106, 0.54646133,
       0.65305416, 0.75307147, 0.847638  , 0.87766049, 0.90551999,
       0.93095691, 0.95284651, 0.97343831, 0.99515487]), 'auc': 0.842655303685713, 'mrr': 0.40557866715842394}

epoch: 200 testmedium3: {'precision': array([0.2377574 , 0.17355944, 0.13733633, 0.11489877, 0.09858107,
       0.06007095, 0.0349974 , 0.02012892, 0.01685067, 0.01452529,
       0.01284824, 0.01158397, 0.01061602, 0.00989791]), 'recall': array([0.2377574 , 0.34711888, 0.412009  , 0.45959509, 0.49290535,
       0.60070947, 0.69994809, 0.8051566 , 0.84253331, 0.87151756,
       0.89937705, 0.92671743, 0.95544212, 0.98979062]), 'ndcg': array([0.2377574 , 0.30675681, 0.33920187, 0.35969608, 0.37258225,
       0.40737841, 0.43250449, 0.45404485, 0.4608043 , 0.46578775,
       0.4703917 , 0.47475806, 0.47922348, 0.4844275 ]), 'hit_ratio': array([0.2377574 , 0.34711888, 0.412009  , 0.45959509, 0.49290535,
       0.60070947, 0.69994809, 0.8051566 , 0.84253331, 0.87151756,
       0.89937705, 0.92671743, 0.95544212, 0.98979062]), 'auc': 0.805953452154319, 'mrr': 0.36052326700577497}

epoch: 200 validationmedium7: {'precision': array([0.31638418, 0.22286649, 0.17276241, 0.13945882, 0.11721677,
       0.06824264, 0.03858162, 0.02156557, 0.01773417, 0.0152245 ,
       0.01335542, 0.01193503, 0.01080715, 0.00994648]), 'recall': array([0.31638418, 0.44573298, 0.51828724, 0.55783527, 0.58608385,
       0.6824264 , 0.77163247, 0.86262266, 0.8867083 , 0.91347012,
       0.93487957, 0.95480226, 0.97264347, 0.99464764]), 'ndcg': array([0.31638418, 0.39799418, 0.43427132, 0.45130372, 0.46223177,
       0.49329388, 0.51574664, 0.5343244 , 0.53870042, 0.54330527,
       0.54684103, 0.5500226 , 0.55279634, 0.55612626]), 'hit_ratio': array([0.31638418, 0.44573298, 0.51828724, 0.55783527, 0.58608385,
       0.6824264 , 0.77163247, 0.86262266, 0.8867083 , 0.91347012,
       0.93487957, 0.95480226, 0.97264347, 0.99464764]), 'auc': 0.8544692239072184, 'mrr': 0.44495454776129817}

epoch: 200 testmedium7: {'precision': array([0.27267321, 0.19550996, 0.15244326, 0.12637526, 0.10692834,
       0.06315789, 0.03593518, 0.02030925, 0.0169551 , 0.01464466,
       0.01293913, 0.01163024, 0.01062874, 0.00988106]), 'recall': array([0.27267321, 0.39101992, 0.45732977, 0.50550104, 0.53464169,
       0.63157895, 0.71870354, 0.81236991, 0.84775498, 0.87867975,
       0.90573892, 0.93041927, 0.95658638, 0.98810586]), 'ndcg': array([0.27267321, 0.34734167, 0.38049659, 0.40124283, 0.41251597,
       0.44396771, 0.46606893, 0.48529359, 0.49169256, 0.49700608,
       0.50147361, 0.50541551, 0.50948204, 0.51425817]), 'hit_ratio': array([0.27267321, 0.39101992, 0.45732977, 0.50550104, 0.53464169,
       0.63157895, 0.71870354, 0.81236991, 0.84775498, 0.87867975,
       0.90573892, 0.93041927, 0.95658638, 0.98810586]), 'auc': 0.8174159976211661, 'mrr': 0.3971413206568852}

epoch: 200 validationlong: {'precision': array([0.42092747, 0.28478002, 0.21204915, 0.16795482, 0.1372176 ,
       0.0744352 , 0.04001189, 0.021522  , 0.01778835, 0.01525961,
       0.01326652, 0.01187574, 0.01083366, 0.00994055]), 'recall': array([0.42092747, 0.56956005, 0.63614744, 0.67181926, 0.68608799,
       0.74435196, 0.80023781, 0.8608799 , 0.88941736, 0.91557669,
       0.92865636, 0.95005945, 0.97502973, 0.9940547 ]), 'ndcg': array([0.42092747, 0.51470418, 0.54799788, 0.5633609 , 0.5688808 ,
       0.58752962, 0.60197098, 0.61435207, 0.61947993, 0.6239869 ,
       0.62614657, 0.62957527, 0.63344576, 0.63632845]), 'hit_ratio': array([0.42092747, 0.56956005, 0.63614744, 0.67181926, 0.68608799,
       0.74435196, 0.80023781, 0.8608799 , 0.88941736, 0.91557669,
       0.92865636, 0.95005945, 0.97502973, 0.9940547 ]), 'auc': 0.8701426872770536, 'mrr': 0.5451791859568627}
       
epoch: 200 testlong: {'precision': array([0.34482759, 0.24554102, 0.18271899, 0.15041617, 0.12627824,
       0.06979786, 0.03816885, 0.02089774, 0.01714625, 0.01460563,
       0.01280788, 0.01145957, 0.01051658, 0.00973841]), 'recall': array([0.34482759, 0.49108205, 0.54815696, 0.60166468, 0.6313912 ,
       0.6979786 , 0.76337693, 0.83590963, 0.85731272, 0.87633769,
       0.89655172, 0.91676576, 0.94649227, 0.97384067]), 'ndcg': array([0.34482759, 0.43710388, 0.46564133, 0.48868586, 0.50018564,
       0.5218314 , 0.5382752 , 0.55307812, 0.55694964, 0.56020998,
       0.56354487, 0.56678033, 0.5713989 , 0.57554551]), 'hit_ratio': array([0.34482759, 0.49108205, 0.54815696, 0.60166468, 0.6313912 ,
       0.6979786 , 0.76337693, 0.83590963, 0.85731272, 0.87633769,
       0.89655172, 0.91676576, 0.94649227, 0.97384067]), 'auc': 0.834827586206899, 'mrr': 0.47458121595113495}