epoch: 200 validationall: {'precision': array([0.28256528, 0.20461942, 0.16275859, 0.13644685, 0.11755307,
       0.07089652, 0.040898  , 0.02267919, 0.01860345, 0.0157969 ,
       0.01373094, 0.01215696, 0.01091427, 0.00996708]), 'recall': array([0.28256528, 0.40923885, 0.48827576, 0.54578741, 0.58776537,
       0.70896516, 0.81795991, 0.90716769, 0.93017235, 0.94781419,
       0.96116577, 0.97255714, 0.98228419, 0.99670834]), 'ndcg': array([0.28256528, 0.3624874 , 0.40200586, 0.42677478, 0.44301407,
       0.48234777, 0.51000394, 0.52835177, 0.53251286, 0.53554554,
       0.53775228, 0.53957428, 0.54108762, 0.54326797]), 'hit_ratio': array([0.28256528, 0.40923885, 0.48827576, 0.54578741, 0.58776537,
       0.70896516, 0.81795991, 0.90716769, 0.93017235, 0.94781419,
       0.96116577, 0.97255714, 0.98228419, 0.99670834]), 'auc': 0.8835346549301097, 'mrr': 0.42366292672413497}

epoch: 200 testall: {'precision': array([0.25086915, 0.1832606 , 0.14667012, 0.12312301, 0.10647977,
       0.06568163, 0.03850507, 0.02178323, 0.01799985, 0.01536295,
       0.01340917, 0.01191055, 0.01073469, 0.00993565]), 'recall': array([0.25086915, 0.36652119, 0.44001036, 0.49249205, 0.53239885,
       0.65681633, 0.77010134, 0.87132924, 0.8999926 , 0.92177676,
       0.93864191, 0.95284415, 0.96612175, 0.99356461]), 'ndcg': array([0.25086915, 0.32383746, 0.36058205, 0.38318468, 0.39862274,
       0.43891096, 0.46767782, 0.48846123, 0.49364524, 0.49739388,
       0.50018189, 0.50245322, 0.50451768, 0.50866336]), 'hit_ratio': array([0.25086915, 0.36652119, 0.44001036, 0.49249205, 0.53239885,
       0.65681633, 0.77010134, 0.87132924, 0.8999926 , 0.92177676,
       0.93864191, 0.95284415, 0.96612175, 0.99356461]), 'auc': 0.851759745543311, 'mrr': 0.3845081299197573}

epoch: 200 validationshort: {'precision': array([0.27839453, 0.20068318, 0.16065602, 0.13527229, 0.1171254 ,
       0.07040662, 0.04084937, 0.02269264, 0.01861919, 0.01583459,
       0.01377145, 0.012197  , 0.01094178, 0.00997044]), 'recall': array([0.27839453, 0.40136635, 0.48196807, 0.54108914, 0.58562701,
       0.70406622, 0.81698745, 0.90770545, 0.93095973, 0.95007554,
       0.96400184, 0.97576036, 0.9847599 , 0.99704395]), 'ndcg': array([0.27839453, 0.35598111, 0.39628197, 0.42174403, 0.43897363,
       0.47738466, 0.50601568, 0.52466615, 0.52887356, 0.53216295,
       0.53446435, 0.53634518, 0.53774484, 0.53960158]), 'hit_ratio': array([0.27839453, 0.40136635, 0.48196807, 0.54108914, 0.58562701,
       0.70406622, 0.81698745, 0.90770545, 0.93095973, 0.95007554,
       0.96400184, 0.97576036, 0.9847599 , 0.99704395]), 'auc': 0.8839913289101409, 'mrr': 0.4190016646318562}

epoch: 200 testshort: {'precision': array([0.24903107, 0.18097615, 0.14565679, 0.12277475, 0.10615516,
       0.06569007, 0.03844512, 0.02177298, 0.01799514, 0.01536491,
       0.0134308 , 0.01192932, 0.0107542 , 0.00994219]), 'recall': array([0.24903107, 0.36195231, 0.43697037, 0.49109899, 0.5307758 ,
       0.65690074, 0.76890232, 0.870919  , 0.89975695, 0.9218945 ,
       0.94015634, 0.9543454 , 0.96787755, 0.99421927]), 'ndcg': array([0.24903107, 0.32027644, 0.35778547, 0.3810974 , 0.39644648,
       0.43726786, 0.46569999, 0.48667044, 0.49189006, 0.49569936,
       0.49871863, 0.50098992, 0.50309384, 0.50707424]), 'hit_ratio': array([0.24903107, 0.36195231, 0.43697037, 0.49109899, 0.5307758 ,
       0.65690074, 0.76890232, 0.870919  , 0.89975695, 0.9218945 ,
       0.94015634, 0.9543454 , 0.96787755, 0.99421927]), 'auc': 0.8521086513827224, 'mrr': 0.3823562995897597}

epoch: 200 validationshort7: {'precision': array([0.28152695, 0.20353281, 0.16201859, 0.13596634, 0.11717213,
       0.07079031, 0.04092812, 0.02267054, 0.01860395, 0.01580278,
       0.01373921, 0.01216512, 0.01091959, 0.00997032]), 'recall': array([0.28152695, 0.40706562, 0.48605578, 0.54386535, 0.58586064,
       0.70790308, 0.81856248, 0.90682169, 0.93019758, 0.94816652,
       0.96174486, 0.9732092 , 0.98276283, 0.99703228]), 'ndcg': array([0.28152695, 0.36073303, 0.40022811, 0.42512534, 0.44137133,
       0.48095004, 0.50901585, 0.52718005, 0.53140995, 0.53449995,
       0.53674442, 0.5385782 , 0.54006435, 0.5422215 ]), 'hit_ratio': array([0.28152695, 0.40706562, 0.48605578, 0.54386535, 0.58586064,
       0.70790308, 0.81856248, 0.90682169, 0.93019758, 0.94816652,
       0.96174486, 0.9732092 , 0.98276283, 0.99703228]), 'auc': 0.883647044475154, 'mrr': 0.42229705345303203}

epoch: 200 testshort7: {'precision': array([0.24928856, 0.1815798 , 0.1456216 , 0.1224998 , 0.10592731,
       0.06556631, 0.03847061, 0.02177819, 0.01799659, 0.01535829,
       0.01341108, 0.01191459, 0.01074342, 0.00993861]), 'recall': array([0.24928856, 0.36315961, 0.43686479, 0.48999919, 0.52963656,
       0.65566306, 0.76941215, 0.87112773, 0.89982925, 0.92149768,
       0.93877551, 0.95316692, 0.96690788, 0.99386129]), 'ndcg': array([0.24928856, 0.32113319, 0.35798578, 0.38086952, 0.39620335,
       0.43703021, 0.46591421, 0.48680496, 0.49199755, 0.49572608,
       0.49858238, 0.50088415, 0.50302045, 0.50709282]), 'hit_ratio': array([0.24928856, 0.36315961, 0.43686479, 0.48999919, 0.52963656,
       0.65566306, 0.76941215, 0.87112773, 0.89982925, 0.92149768,
       0.93877551, 0.95316692, 0.96690788, 0.99386129]), 'auc': 0.8515436214326217, 'mrr': 0.38251179826943776}

epoch: 200 validationshort37: {'precision': array([0.28661333, 0.20816   , 0.16423111, 0.13709333, 0.117248  ,
       0.07141333, 0.041056  , 0.02263467, 0.0185792 , 0.01575111,
       0.01368686, 0.01211333, 0.01088356, 0.00997013]), 'recall': array([0.28661333, 0.41632   , 0.49269333, 0.54837333, 0.58624   ,
       0.71413333, 0.82112   , 0.90538667, 0.92896   , 0.94506667,
       0.95808   , 0.96906667, 0.97952   , 0.99701333]), 'ndcg': array([0.28661333, 0.36844913, 0.4066358 , 0.43061587, 0.44526469,
       0.48673946, 0.51388748, 0.5312621 , 0.5355285 , 0.53829475,
       0.54044675, 0.54220416, 0.54383076, 0.54647569]), 'hit_ratio': array([0.28661333, 0.41632   , 0.49269333, 0.54837333, 0.58624   ,
       0.71413333, 0.82112   , 0.90538667, 0.92896   , 0.94506667,
       0.95808   , 0.96906667, 0.97952   , 0.99701333]), 'auc': 0.8830879999999648, 'mrr': 0.42764806188230886}

epoch: 200 testshort37: {'precision': array([0.24970667, 0.18256   , 0.14556444, 0.12205333, 0.10555733,
       0.06536533, 0.038512  , 0.02178667, 0.01799893, 0.01534756,
       0.01337905, 0.01189067, 0.01072593, 0.0099328 ]), 'recall': array([0.24970667, 0.36512   , 0.43669333, 0.48821333, 0.52778667,
       0.65365333, 0.77024   , 0.87146667, 0.89994667, 0.92085333,
       0.93653333, 0.95125333, 0.96533333, 0.99328   ]), 'ndcg': array([0.24970667, 0.32252437, 0.35831104, 0.3804995 , 0.39580855,
       0.43664432, 0.46626206, 0.48702339, 0.49217209, 0.49576947,
       0.49836113, 0.50071241, 0.50290127, 0.50712299]), 'hit_ratio': array([0.24970667, 0.36512   , 0.43669333, 0.48821333, 0.52778667,
       0.65365333, 0.77024   , 0.87146667, 0.89994667, 0.92085333,
       0.93653333, 0.95125333, 0.96533333, 0.99328   ]), 'auc': 0.8506261333333042, 'mrr': 0.3827642949521793}

epoch: 200 validationmedium3: {'precision': array([0.28716799, 0.20925319, 0.1651719 , 0.13763367, 0.11778199,
       0.07137806, 0.04092359, 0.02265221, 0.01858055, 0.01574681,
       0.01367959, 0.01210655, 0.01087923, 0.00996378]), 'recall': array([0.28716799, 0.41850638, 0.4955157 , 0.55053467, 0.58890997,
       0.71378061, 0.81847189, 0.90608831, 0.92902725, 0.94480855,
       0.95757158, 0.96852363, 0.97913073, 0.99637806]), 'ndcg': array([0.28716799, 0.37003329, 0.40853795, 0.43223333, 0.44707892,
       0.48762025, 0.51421626, 0.53224673, 0.53639435, 0.53910325,
       0.54121314, 0.54296476, 0.54461552, 0.54722288]), 'hit_ratio': array([0.28716799, 0.41850638, 0.4955157 , 0.55053467, 0.58890997,
       0.71378061, 0.81847189, 0.90608831, 0.92902725, 0.94480855,
       0.95757158, 0.96852363, 0.97913073, 0.99637806]), 'auc': 0.8825888237322753, 'mrr': 0.42875026358253937}

epoch: 200 testmedium3: {'precision': array([0.25224215, 0.18527941, 0.14706221, 0.12286564, 0.10631252,
       0.0654536 , 0.03851759, 0.02178984, 0.01800103, 0.01535874,
       0.01338269, 0.0118888 , 0.01071442, 0.00992929]), 'recall': array([0.25224215, 0.37055881, 0.44118662, 0.49146257, 0.53156261,
       0.65453605, 0.77035185, 0.87159365, 0.90005174, 0.92152466,
       0.93678855, 0.95110383, 0.96429803, 0.9929286 ]), 'ndcg': array([0.25224215, 0.32689165, 0.36220556, 0.38385823, 0.39937104,
       0.43920631, 0.46861565, 0.48936602, 0.49450806, 0.49820299,
       0.50072587, 0.50301225, 0.5050639 , 0.50938792]), 'hit_ratio': array([0.25224215, 0.37055881, 0.44118662, 0.49146257, 0.53156261,
       0.65453605, 0.77035185, 0.87159365, 0.90005174, 0.92152466,
       0.93678855, 0.95110383, 0.96429803, 0.9929286 ]), 'auc': 0.8507769920661888, 'mrr': 0.3857030336122129}

epoch: 200 validationmedium7: {'precision': array([0.28950923, 0.21386763, 0.16914303, 0.13991445, 0.12003602,
       0.07122918, 0.0403647 , 0.02272625, 0.01858622, 0.01572865,
       0.01364894, 0.01207789, 0.01086097, 0.00993697]), 'recall': array([0.28950923, 0.42773525, 0.50742909, 0.55965781, 0.6001801 ,
       0.71229176, 0.80729401, 0.90904998, 0.92931112, 0.94371905,
       0.95542548, 0.96623143, 0.97748762, 0.99369653]), 'ndcg': array([0.28950923, 0.37672014, 0.41656706, 0.43906075, 0.45473691,
       0.49133811, 0.51560409, 0.53640291, 0.54004917, 0.54251598,
       0.5444481 , 0.54617531, 0.54792804, 0.55037682]), 'hit_ratio': array([0.28950923, 0.42773525, 0.50742909, 0.55965781, 0.6001801 ,
       0.71229176, 0.80729401, 0.90904998, 0.92931112, 0.94371905,
       0.95542548, 0.96623143, 0.97748762, 0.99369653]), 'auc': 0.8804817649707419, 'mrr': 0.43340273586517036}

epoch: 200 testmedium7: {'precision': array([0.26294462, 0.19675822, 0.15338436, 0.12629446, 0.10950023,
       0.0658262 , 0.0385412 , 0.02180324, 0.01800991, 0.01540597,
       0.01339808, 0.01188091, 0.01066587, 0.00991445]), 'recall': array([0.26294462, 0.39351643, 0.46015308, 0.50517785, 0.54750113,
       0.65826204, 0.77082395, 0.87212967, 0.90049527, 0.9243584 ,
       0.93786583, 0.95047276, 0.95992796, 0.99144529]), 'ndcg': array([0.26294462, 0.34532626, 0.37864459, 0.3980357 , 0.41440858,
       0.45002065, 0.47855031, 0.49925442, 0.50436838, 0.50847506,
       0.51070762, 0.51272002, 0.51419252, 0.51894837]), 'hit_ratio': array([0.26294462, 0.39351643, 0.46015308, 0.50517785, 0.54750113,
       0.65826204, 0.77082395, 0.87212967, 0.90049527, 0.9243584 ,
       0.93786583, 0.95047276, 0.95992796, 0.99144529]), 'auc': 0.8514137775776733, 'mrr': 0.3981076598786807}

epoch: 200 validationlong: {'precision': array([0.32876712, 0.23287671, 0.18112633, 0.15525114, 0.13515982,
       0.07945205, 0.04292237, 0.02317352, 0.01872146, 0.01582953,
       0.0136334 , 0.01204338, 0.01085743, 0.00990868]), 'recall': array([0.32876712, 0.46575342, 0.543379  , 0.62100457, 0.67579909,
       0.79452055, 0.85844749, 0.92694064, 0.93607306, 0.94977169,
       0.9543379 , 0.96347032, 0.97716895, 0.99086758]), 'ndcg': array([0.32876712, 0.41519586, 0.45400864, 0.48744016, 0.50863757,
       0.54816472, 0.56419131, 0.57830732, 0.57996208, 0.582294  ,
       0.58304944, 0.58450917, 0.58664838, 0.58871177]), 'hit_ratio': array([0.32876712, 0.46575342, 0.543379  , 0.62100457, 0.67579909,
       0.79452055, 0.85844749, 0.92694064, 0.93607306, 0.94977169,
       0.9543379 , 0.96347032, 0.97716895, 0.99086758]), 'auc': 0.9018721461187212, 'mrr': 0.4783005277294335}
       
epoch: 200 testlong: {'precision': array([0.30593607, 0.23515982, 0.19634703, 0.1609589 , 0.13789954,
       0.07716895, 0.04200913, 0.02214612, 0.01826484, 0.01544901,
       0.01330724, 0.01175799, 0.01045155, 0.00981735]), 'recall': array([0.30593607, 0.47031963, 0.5890411 , 0.64383562, 0.68949772,
       0.7716895 , 0.84018265, 0.88584475, 0.91324201, 0.92694064,
       0.93150685, 0.94063927, 0.94063927, 0.98173516]), 'ndcg': array([0.30593607, 0.40965055, 0.46901128, 0.49261   , 0.51027451,
       0.53748622, 0.55550145, 0.56503313, 0.5699632 , 0.57234051,
       0.57309061, 0.57456838, 0.57456838, 0.58076023]), 'hit_ratio': array([0.30593607, 0.47031963, 0.5890411 , 0.64383562, 0.68949772,
       0.7716895 , 0.84018265, 0.88584475, 0.91324201, 0.92694064,
       0.93150685, 0.94063927, 0.94063927, 0.98173516]), 'auc': 0.8795433789954338, 'mrr': 0.4708150244198668}